1111000000000000000000
1100110011001100000000
1100110011001100110000
1100110011001100110000
1100110011001100110000
0000000011111100110000
0000000000000000111111
0000000000000000000000
0011110000000000000000
1100000000111100000000
0011000011001100110011
0000110011001100110011
1111000011001100111111
0000000011110000110011
0000000000000000110011
0000000000000000000000
0011110000000000000000
1100000011111100000000
0011000000110000110011
0000110000110000110011
1111000000110000001100
0000000000110000110011
0000000000000000110011
0000000000000000000000
0011110000000000000000
1100000011111100000000
1111110000110000110011
1100000000110000110011
0011110000110000001100
0000000000110000110011
0000000000000000110011
0000000000000000000000
0011110000000000000000
1100000000111100000000
1111110011001100111111
1100000011001100001100
0011110011001100001100
0000000011110000001100
0000000000000000001100
0000000000000000000000
0011110000000000000000
1100000011110000000000
1111110011001100001111
1100000011001100110011
0011110011001100110011
0000000011001100111100
0000000000000000001111
0000000000000000000000
0011000000000000000000
1100110000111100000000
1100110011000000110011
1111110011000000110011
1100110011000000111100
0000000000111100110011
0000000000000000110011
0000000000000000000000
1111000000000000000000
1100110000111100000000
1111000011000000110000
1100110011111100110000
1111000011000000110000
0000000000111100110000
0000000000000000111111
0000000000000000000000
0000111100000000000000
0000110011000000000000
0000111100000011110000
0000110011001100000000
0000111100000011000000
0000000000000000110000
0000000000001111000000
0000000000000000000000
0000110011000000000000
0000110011000000000000
0000111111001111110000
0000110011000011000000
0000110011000011000000
0000000000000011000000
0000000000000011000000
0000000000000000000000
0000110000000000000000
0000110000000000000000
0000110000000011110000
0000110000001100000000
0000111111001111110000
0000000000001100000000
0000000000001100000000
0000000000000000000000
0000110011000000000000
0000110011000000000000
0000110011001111110000
0000110011000011000000
0000001100000011000000
0000000000000011000000
0000000000000011000000
0000000000000000000000
0000001111000000000000
0000110000000000000000
0000111111000011110000
0000110000001100000000
0000110000001111110000
0000000000001100000000
0000000000001100000000
0000000000000000000000
0000001111000000000000
0000110000000000000000
0000110000001111000000
0000110000001100110000
0000001111001111000000
0000000000001100110000
0000000000001100110000
0000000000000000000000
0000001111000000000000
0000110000000000000000
0000001100000011110000
0000000011001100110000
0000111100001100110000
0000000000001100110000
0000000000001111000000
0000000000000000000000
0000001111000000000000
0000110000000000000000
0000001100001111110000
0000000011000011000000
0000111100000011000000
0000000000000011000000
0000000000001111110000
0000000000000000000000
1111000000000000000000
1100110011000000000000
1100110011000000001111
1100110011000000110000
1111000011000000111111
0000000011111100110000
0000000000000000001111
0000000000000000000000
1111000000000000000000
1100110000111100000000
1100110011000000111100
1100110011000000001100
1111000011000000001100
0000000000111100001100
0000000000000000111111
0000000000000000000000
1111000000000000000000
1100110000111100000000
1100110011000000111100
1100110011000000000011
1111000011000000001100
0000000000111100110000
0000000000000000111111
0000000000000000000000
1111000000000000000000
1100110000111100000000
1100110011000000111100
1100110011000000000011
1111000011000000001100
0000000000111100000011
0000000000000000111100
0000000000000000000000
1111000000000000000000
1100110000111100000000
1100110011000000000011
1100110011000000110011
1111000011000000110011
0000000000111100111111
0000000000000000000011
0000000000000000000000
1111000000000000000000
1100110000110000000000
1100110011001100110011
1100110011001100110011
1100110011111100111100
0000000011001100110011
0000000000000000110011
0000000000000000000000
0011110000000000000000
1100000011001100000000
0011000011001100111100
0000110000110000110011
1111000000110000110011
0000000000110000110011
0000000000000000110011
0000000000000000000000
0011110000000000000000
1100000011111100000000
1111110000110000111100
1100000000110000110011
0011110000110000111100
0000000000110000110011
0000000000000000111100
0000000000000000000000
0011110000000000000000
1100000000110000000000
1100000011001100111100
1100000011001100110011
0011110011111100110011
0000000011001100110011
0000000000000000110011
0000000000000000000000
0000001111000000000000
0000110000000000000000
0000111111001100110000
0000110000001111110000
0000001111001111110000
0000000000001100110000
0000000000001100110000
0000000000000000000000
0011110000000000000000
1100000011001100000000
0011000011001100111100
0000110011001100110011
1111000011001100111100
0000000011111100110011
0000000000000000111100
0000000000000000000000
0011110000000000000000
1100000000111100000000
1111110011000000001111
1100000000110000110000
0011110000001100110000
0000000011110000110000
0000000000000000001111
0000000000000000000000
0000001111000000000000
0000110000000000000000
0000111111000011110000
0000110000001100000000
0000110000000011000000
0000000000000000110000
0000000000001111000000
0000000000000000000000
0000001111000000000000
0000110000000000000000
0000110011000011110000
0000110011001100000000
0000001111000011000000
0000000000000000110000
0000000000001111000000
0000000000000000000000
0000111100000000000000
0000110011000000000000
0000111100000011110000
0000110011001100000000
0000110011000011000000
0000000000000000110000
0000000000001111000000
0000000000000000000000
0000110011000000000000
0000110011000000000000
0000110011000011110000
0000110011001100000000
0000111111000011000000
0000000000000000110000
0000000000001111000000
0000000000000000000000
0000000000000000000000
0000000000000000000000
0000000000000000000000
0000000000000000000000
0000000000000000000000
0000000000000000000000
0000000000000000000000
0000000000000000000000
0000000000111100000000
0000000000111100000000
0000000000111100000000
0000000000111100000000
0000000000111100000000
0000000000000000000000
0000000000111100000000
0000000000000000000000
0000111100000000111100
0000110000000000110000
0000000000000000000000
0000000000000000000000
0000000000000000000000
0000000000000000000000
0000000000000000000000
0000000000000000000000
0000001111000011110000
0000001111000011110000
0011111111111111111111
0000001111000011110000
0011111111111111111111
0000001111000011110000
0000001111000011110000
0000000000000000000000
0000000011000011000000
0000111111111111111111
0011000011000011000000
0000111111111111111100
0000000011000011000011
0011111111111111111100
0000000011000011000000
0000000000000000000000
0000111111000000111100
0011110011110011110000
0000111111001111000000
0000000000111100000000
0000000011110011111100
0000001111001111001111
0000111100000011111100
0000000000000000000000
0000111111110000000000
0011110000111100000000
0011110000111100000000
0000111111110000001111
0011110000111100111100
0011110000001111110000
0000111111111100111111
0000000000000000000000
0000000011111100000000
0000000000111100000000
0000000011110000000000
0000000000000000000000
0000000000000000000000
0000000000000000000000
0000000000000000000000
0000000000000000000000
0000000000001111000000
0000000000111100000000
0000000011110000000000
0000000011110000000000
0000000011110000000000
0000000000111100000000
0000000000001111000000
0000000000000000000000
0000000011110000000000
0000000000111100000000
0000000000001111000000
0000000000001111000000
0000000000001111000000
0000000000111100000000
0000000011110000000000
0000000000000000000000
0011110000111100001111
0000111100111100111100
0000001111111111110000
0011111111111111111111
0000001111111111110000
0000111100111100111100
0011110000111100001111
0000000000000000000000
0000000000111100000000
0000000000111100000000
0000000000111100000000
0011111111111111111111
0000000000111100000000
0000000000111100000000
0000000000111100000000
0000000000000000000000
0000000000000000000000
0000000000000000000000
0000000000000000000000
0000000000000000000000
0000000011111100000000
0000000000111100000000
0000000011110000000000
0000000000000000000000
0000000000000000000000
0000000000000000000000
0000000000000000000000
0011111111111111111111
0000000000000000000000
0000000000000000000000
0000000000000000000000
0000000000000000000000
0000000000000000000000
0000000000000000000000
0000000000000000000000
0000000000000000000000
0000000000000000000000
0000000000111100000000
0000000000111100000000
0000000000000000000000
0000000000000000111100
0000000000000011110000
0000000000001111000000
0000000000111100000000
0000000011110000000000
0000001111000000000000
0000111100000000000000
0000000000000000000000
0000001111111111110000
0000111100000000111100
0011110000000000001111
0011110000000000001111
0011110000000000001111
0000111100000000111100
0000001111111111110000
0000000000000000000000
0000000011111100000000
0000001100111100000000
0000000000111100000000
0000000000111100000000
0000000000111100001100
0000000000111100001100
0000001111111111111100
0000000000000000000000
0000111111111111111100
0011110000000000001111
0000000000000000001111
0000001111111111111100
0000111100000000000000
0011110000000000000011
0011111111111111111111
0000000000000000000000
0011111111111111111111
0011000000000000111100
0000000000000011110000
0000000000001111111100
0000000000000000001111
0011110000000000001111
0000111111111111111100
0000000000000000000000
0000000000111111110000
0000000011110011110000
0000001111000011110000
0000111100000011110000
0011111111111111111111
0000000000000011110000
0000000000000011110000
0000000000000000000000
0011111111111111111111
0011110000000000000000
0011111111111111111100
0000000000000000001111
0000000000000000001111
0011110000000000001111
0000111111111111111100
0000000000000000000000
0000000011111111110000
0000001111000000000000
0000111100000000000000
0011111111111111111100
0011110000000000001111
0011110000000000001111
0000111111111111111100
0000000000000000000000
0011111111111111111111
0000000000000000111100
0000000000000011110000
0000000000001111000000
0000000000111100000000
0000000011110000000000
0000001111000000000000
0000000000000000000000
0000111111111111111100
0011110000000000001111
0011110000000000001111
0000111111111111111100
0011110000000000001111
0011110000000000001111
0000111111111111111100
0000000000000000000000
0000111111111111111100
0011110000000000001111
0011110000000000001111
0000111111111111111111
0000000000000000001111
0011110000000000001111
0000111111111111111100
0000000000000000000000
0000000000000000000000
0000000000111100000000
0000000000111100000000
0000000000000000000000
0000000000111100000000
0000000000111100000000
0000000000000000000000
0000000000000000000000
0000000000000000000000
0000000000111100000000
0000000000111100000000
0000000000000000000000
0000000011111100000000
0000000000111100000000
0000000011110000000000
0000000000000000000000
0000000000001111000000
0000000000111100000000
0000000011110000000000
0000001111000000000000
0000000011110000000000
0000000000111100000000
0000000000001111000000
0000000000000000000000
0000000000000000000000
0000000000000000000000
0011111111111111111111
0000000000000000000000
0011111111111111111111
0000000000000000000000
0000000000000000000000
0000000000000000000000
0000000011110000000000
0000000000111100000000
0000000000001111000000
0000000000000011110000
0000000000001111000000
0000000000111100000000
0000000011110000000000
0000000000000000000000
0000111111111111111100
0011110000000000001111
0000000000000000001111
0000000000001111111100
0000000000111100000000
0000000000000000000000
0000000000111100000000
0000000000000000000000
0000111111111111111100
0011110000000000001111
0011110000111111001111
0011110011000011111111
0011110011111100111100
0011110000000000000000
0000111111111111111100
0000000000000000000000
0000000011111111000000
0000001111000011110000
0000111100000000111100
0011110000000000001111
0011111111111111111111
0011110000000000001111
0011110000000000001111
0000000000000000000000
0011111111111111111100
0000111100000000001111
0000111100000000001111
0000111111111111111100
0000111100000000001111
0000111100000000001111
0011111111111111111100
0000000000000000000000
0000111111111111111100
0011110000000000001111
0011110000000000000000
0011110000000000000000
0011110000000000000000
0011110000000000001111
0000111111111111111100
0000000000000000000000
0011111111111111111100
0000111100000000001111
0000111100000000001111
0000111100000000001111
0000111100000000001111
0000111100000000001111
0011111111111111111100
0000000000000000000000
0011111111111111111111
0011110000000000000000
0011110000000000000000
0011111111111100000000
0011110000000000000000
0011110000000000000000
0011111111111111111111
0000000000000000000000
0011111111111111111111
0011110000000000000000
0011110000000000000000
0011111111111100000000
0011110000000000000000
0011110000000000000000
0011110000000000000000
0000000000000000000000
0000111111111111111100
0011110000000000001111
0011110000000000000000
0011110000001111111111
0011110000000000001111
0011110000000000111111
0000111111111111110011
0000000000000000000000
0011110000000000001111
0011110000000000001111
0011110000000000001111
0011111111111111111111
0011110000000000001111
0011110000000000001111
0011110000000000001111
0000000000000000000000
0000000011111111000000
0000000000111100000000
0000000000111100000000
0000000000111100000000
0000000000111100000000
0000000000111100000000
0000000011111111000000
0000000000000000000000
0000000000000011111111
0000000000000000001111
0000000000000000001111
0000000000000000001111
0011110000000000001111
0011110000000000001111
0000111111111111111100
0000000000000000000000
0011111100000000111111
0000111100000011110000
0000111100001111000000
0000111111110000000000
0000111100001111000000
0000111100000011110000
0011111100000000111111
0000000000000000000000
0011110000000000000000
0011110000000000000000
0011110000000000000000
0011110000000000000000
0011110000000000000000
0011110000000000000000
0011111111111111111111
0000000000000000000000
0011110000000000001111
0011111100000000111111
0011111111000011111111
0011110011111111001111
0011110000111100001111
0011110000000000001111
0011110000000000001111
0000000000000000000000
0011111100000000001111
0011111111000000001111
0011110011110000001111
0011110000111100001111
0011110000001111001111
0011110000000011111111
0011110000000000111111
0000000000000000000000
0000111111111111111100
0011110000000000001111
0011110000000000001111
0011110000000000001111
0011110000000000001111
0011110000000000001111
0000111111111111111100
0000000000000000000000
0011111111111111111100
0011110000000000001111
0011110000000000001111
0011111111111111111100
0011110000000000000000
0011110000000000000000
0011110000000000000000
0000000000000000000000
0000111111111111111100
0011110000000000001111
0011110000000000001111
0011110000111100001111
0011110000001111001111
0011110000000011111100
0000111111111111001111
0000000000000000000000
0011111111111111111100
0011110000000000001111
0011110000000000001111
0011111111111111111100
0011110000000011110000
0011110000000000111100
0011110000000000001111
0000000000000000000000
0000111111111111111100
0011110000000000001111
0011110000000000000000
0000111111111111111100
0000000000000000001111
0011110000000000001111
0000111111111111111100
0000000000000000000000
0011111111111111111111
0000000000111100000000
0000000000111100000000
0000000000111100000000
0000000000111100000000
0000000000111100000000
0000000000111100000000
0000000000000000000000
0011110000000000001111
0011110000000000001111
0011110000000000001111
0011110000000000001111
0011110000000000001111
0011110000000000001111
0000111111111111111100
0000000000000000000000
0011110000000000001111
0011110000000000001111
0011110000000000001111
0000111100000000111100
0000001111000011110000
0000000011111111000000
0000000000111100000000
0000000000000000000000
0011110000000000001111
0011110000000000001111
0011110000111100001111
0011110011111111001111
0011111111000011111111
0011111100000000111111
0011110000000000001111
0000000000000000000000
0011110000000000001111
0000111100000000111100
0000001111000011110000
0000000011111111000000
0000001111000011110000
0000111100000000111100
0011110000000000001111
0000000000000000000000
0011110000000000001111
0000111100000000111100
0000001111000011110000
0000000011111111000000
0000000000111100000000
0000000000111100000000
0000000000111100000000
0000000000000000000000
0011111111111111111111
0000000000000000001111
0000000000000011110000
0000000000111100000000
0000001111000000000000
0011110000000000000000
0011111111111111111111
0000000000000000000000
0000001111111111000000
0000001111000000000000
0000001111000000000000
0000001111000000000000
0000001111000000000000
0000001111000000000000
0000001111111111000000
0000000000000000000000
0000111100000000000000
0000001111000000000000
0000000011110000000000
0000000000111100000000
0000000000001111000000
0000000000000011110000
0000000000000000111100
0000000000000000000000
0000001111111111000000
0000000000001111000000
0000000000001111000000
0000000000001111000000
0000000000001111000000
0000000000001111000000
0000001111111111000000
0000000000000000000000
0000000000111100000000
0000001111000011110000
0011110000000000001111
0000000000000000000000
0000000000000000000000
0000000000000000000000
0000000000000000000000
0000000000000000000000
0000000000000000000000
0000000000000000000000
0000000000000000000000
0000000000000000000000
0000000000000000000000
0000000000000000000000
0000000000000000000000
0011111111111111111111
0000000011111100000000
0000000011110000000000
0000000000111100000000
0000000000000000000000
0000000000000000000000
0000000000000000000000
0000000000000000000000
0000000000000000000000
0000000000000000000000
0000000000000000000000
0000001111111111110000
0000000000000000111100
0000111111111111111100
0011110000000000111100
0000111111111111001111
0000000000000000000000
0011111100000000000000
0000111100000000000000
0000111111111111111100
0000111100000000001111
0000111100000000001111
0000111100000000001111
0011001111111111111100
0000000000000000000000
0000000000000000000000
0000000000000000000000
0000111111111111111100
0011110000000000000000
0011110000000000000000
0011110000000000001111
0000111111111111111100
0000000000000000000000
0000000000000000111111
0000000000000000111100
0000111111111111111100
0011110000000000111100
0011110000000000111100
0011110000000000111100
0000111111111111110011
0000000000000000000000
0000000000000000000000
0000000000000000000000
0000111111111111111100
0011110000000000001111
0011111111111111111100
0011110000000000000000
0000111111111111110000
0000000000000000000000
0000000000111111110000
0000000011110000111100
0000000011110000000000
0000001111111111000000
0000000011110000000000
0000000011110000000000
0000001111111100000000
0000000000000000000000
0000000000000000000000
0000000000000000000000
0000111111111111001111
0011110000000000111100
0011110000000000111100
0000111111111111111100
0000000000000000111100
0000111111111111110000
0011111100000000000000
0000111100000000000000
0000111111111111111100
0000111100000000001111
0000111100000000001111
0000111100000000001111
0011111100000000001111
0000000000000000000000
0000000000111100000000
0000000000000000000000
0000000011111100000000
0000000000111100000000
0000000000111100000000
0000000000111100000000
0000000011111111000000
0000000000000000000000
0000000000111100000000
0000000000000000000000
0000000011111100000000
0000000000111100000000
0000000000111100000000
0000000000111100000000
0000111100111100000000
0000001111110000000000
0011111100000000000000
0000111100000000000000
0000111100000000111111
0000111100000011110000
0000111111111111000000
0000111100000011110000
0011111100000000111111
0000000000000000000000
0000000011111100000000
0000000000111100000000
0000000000111100000000
0000000000111100000000
0000000000111100000000
0000000000111100000000
0000000011111111000000
0000000000000000000000
0000000000000000000000
0000000000000000000000
0011110011111111111100
0011111100111100001111
0011110000111100001111
0011110000111100001111
0011110000111100001111
0000000000000000000000
0000000000000000000000
0000000000000000000000
0011110011111111111100
0011111111000000001111
0011110000000000001111
0011110000000000001111
0011110000000000001111
0000000000000000000000
0000000000000000000000
0000000000000000000000
0000111111111111111100
0011110000000000001111
0011110000000000001111
0011110000000000001111
0000111111111111111100
0000000000000000000000
0000000000000000000000
0000000000000000000000
0011110011111111111100
0000111100000000001111
0000111100000000001111
0000111111111111111100
0000111100000000000000
0011111100000000000000
0000000000000000000000
0000000000000000000000
0000111111111111001111
0011110000000000111100
0011110000000000111100
0000111111111111111100
0000000000000000111100
0000000000000000111111
0000000000000000000000
0000000000000000000000
0011110011111111111100
0000111100000000001111
0000111100000000000000
0000111100000000000000
0011111111000000000000
0000000000000000000000
0000000000000000000000
0000000000000000000000
0000111111111111111100
0011110000000000000000
0000111111111111111100
0000000000000000001111
0000111111111111111100
0000000000000000000000
0000001111000000000000
0000001111000000000000
0000001111111100000000
0000001111000000000000
0000001111000000000000
0000001111001111000000
0000000011111100000000
0000000000000000000000
0000000000000000000000
0000000000000000000000
0011110000000000111100
0011110000000000111100
0011110000000000111100
0011110000000000111100
0000111111111111001111
0000000000000000000000
0000000000000000000000
0000000000000000000000
0011110000000000001111
0000111100000000111100
0000001111000011110000
0000000011111111000000
0000000000111100000000
0000000000000000000000
0000000000000000000000
0000000000000000000000
0011110000000000001111
0011110000000000001111
0011110000111100001111
0011110011111111001111
0000111111000011111100
0000000000000000000000
0000000000000000000000
0000000000000000000000
0011110000000000001111
0000001111000011110000
0000000011111111000000
0000001111000011110000
0011110000000000001111
0000000000000000000000
0000000000000000000000
0000000000000000000000
0011110000000000001111
0011110000000000001111
0011110000000000001111
0000111111111111111111
0000000000000000111100
0000001111111111110000
0000000000000000000000
0000000000000000000000
0011111111111111111111
0000000000000000111100
0000000011111111000000
0000111100000000000000
0011111111111111111111
0000000000000000000000
0000000000111111000000
0000000011110000000000
0000000011110000000000
0000001111000000000000
0000000011110000000000
0000000011110000000000
0000000000111111000000
0000000000000000000000
0000000000111100000000
0000000000111100000000
0000000000111100000000
0000000000000000000000
0000000000111100000000
0000000000111100000000
0000000000111100000000
0000000000000000000000
0000000011111100000000
0000000000001111000000
0000000000001111000000
0000000000000011110000
0000000000001111000000
0000000000001111000000
0000000011111100000000
0000000000000000000000
0000111111110000000000
0011110000111100001111
0000000000001111111100
0000000000000000000000
0000000000000000000000
0000000000000000000000
0000000000000000000000
0000000000000000000000
1111000000000000000000
1100110000111100000000
1100110011000000110000
1100110011111100110000
1111000011000000110000
0000000000111100110000
0000000000000000111111
0000000000000000000000
1111111111111100000000
1111110011111111000000
1111000000111111110000
1100001100001111111100
1100111111001111111100
1100000000001111110000
1100111111001111000000
1111111111111100000000
1111111111111100000000
1100000000111111000000
1100111100001111110000
1100000000111111111100
1100111100001111111100
1100111100001111110000
1100000000111111000000
1111111111111100000000
1111111111111100000000
1111000000111111000000
1100001100001111110000
1100111111111111111100
1100111111111111111100
1100001100001111110000
1111000000111111000000
1111111111111100000000
0000000000000000000000
0000000000111111111100
0000000011111100111100
0000001111110000111100
0000111111000000111100
0000001111110000111100
0000000011111100111100
0000000000111111111100
0000000000110000000000
0000000011111100000000
0000001111111111000000
0000111111111111110000
0011111111111111111100
0000000011111100000000
0000000011111100000000
0000000011111100000000
0000000000000000000000
0011000000000011000000
0011110000001100110000
0011111100110000001100
0011111111110000001100
0011111100111111111100
0011110000110000001100
0011000000110000001100
0000000000000000000000
0011000000111111110000
0011110000001100001100
0011111100001100001100
0011111111001111110000
0011111100001100001100
0011110000001100001100
0011000000111111110000
0000000000000000000000
0011000000001111110000
0011110000110000001100
0011111100110000000000
0011111111110000000000
0011111100110000000000
0011110000110000001100
0011000000001111110000
0000000000000000000000
0000110000000000110000
0011000011111100001100
1100001100111100000011
1100000000111100000011
1100000000111100000011
0011001111111111001100
0000110000000000110000
0000000000000000000000
0000110000000000110000
0011000011111100001100
1100001111001111000011
1100000011111100000011
1100001111000000000011
0011001111111111001100
0000110000000000110000
0000000000000000000000
0000110000000000110000
0011001111111100001100
1100000000001111000011
1100000011111100000011
1100000000001111000011
0011001111111100001100
0000110000000000110000
0000000000000000000000
0000110000000000110000
0011000000001111001100
1100001111001111000011
1100001111001111000011
1100001111111111000011
0011000000001111001100
0000110000000000110000
00111111000
11000000110
11000000110
11000000110
11000000110
11000000110
11000000110
00111111000
00111100000
11001100000
00001100000
00001100000
00001100000
00001100000
00001100110
11111111110
00111111000
11000000110
00000000110
00000011000
00001100000
00110000000
11000000110
11111111110
11111111110
11000000110
00000011000
00001100000
00000011000
00000000110
11000000110
00111111000
00001111000
00110011000
11000011000
11000011000
11000011000
11111111110
00000011000
00000011000
11111111110
11000000000
11000000000
11111111000
00000000110
00000000110
11000000110
00111111000
00001111000
00110000000
11000000000
11111111000
11000000110
11000000110
11000000110
00111111000
11111111110
00000000110
00000000110
00000011000
00000011000
00001100000
00001100000
00001100000
00111111000
11000000110
11000000110
00111111000
11000000110
11000000110
11000000110
00111111000
00111111000
11000000110
11000000110
11000000110
00111111110
00000000110
00000000110
00111111000
0000000000000000000000
0000000011111100000000
0000001111111111000000
0000111111111111110000
0011111111111111111100
0000111111111111110000
0000001111111111000000
0000000011111100000000
