1111001111000011110000
1111000011110011110000
1111000011110000111100
1100001100001111000000
1100001100000011110000
1100000011000011110000
1100001111000011000000
1100001111000000110000
1100000011110000110000
1111000011000011000000
1111000011000000110000
1111000000110000110000
1100111100001111110000
1100001111001111110000
1100001111000011111100
1100111111000011110000
1100001111110011110000
1100001111110000111100
1111000011111100001100
1111000011001111110000
1111000011000011111100
1111001111110000110000
1111000011111100110000
1111110011110011111100
1111110011000011110000
1111110000110011110000
1111110000110000111100
1111110011110000110000
1111110000111100110000
1111110000111100001100
1111001111001111000000
1111001111000000111100
1111000000111100111100
1100110000001111000000
1100000011001111000000
1100000011000000111100
1100111100000011000000
1100000011110011000000
1100000011110000001100
1111001100000011000000
1111000000110011000000
1111000000110000001100
1100111100111111000000
1100111100000011111100
1100000011110011111100
1100111111001111000000
1100111111000000111100
1100000011111100111100
1111110011111100111100
1111001100000011111100
1111000000110011111100
1111001111110011000000
1111001111110000001100
1111001111110011111100
1111110011001111000000
1111110011000000111100
1111110000001100111100
1111110011110011000000
1111110011110000001100
1111110000001111001100
1111110011111111001100
1111000011000000001100
1111111100000011001100
1100110000111100000000
1100110000000011110000
1100001100111100000000
1100001100000000111100
1100000000110011110000
1100000000110000111100
1100111100001100000000
1100111100000000110000
1100001111001100000000
1100001111000000001100
1100000000111100110000
1100000000111100001100
1111000000001100001100
1111000011001100000000
1111111100111111001100
1111000000001100110000
1100000011111111001100
1100110000111111110000
1100001100111111110000
1100001100001111111100
1100111111110000110000
1100001111111100110000
1100001111111100001100
1111111100110000110000
1111111100001100110000
1111111100001100001100
1111001111001111111100
1111001111111100111100
1111111100111100111100
1100110011111111000000
1100110000001111111100
1100000011001111111100
1100111111110011000000
1100111111110000001100
1111111100110011000000
1111111100110000001100
1100111111001111111100
1100111111110011111100
1111110011001111111100
1111111100110011111100
1111001100000000110000
1111001100001100000000
1111001100001111110000
11110000001111110011001111